Sun 1988500e+24 -6.651221878460021e-03 6.003891578947420e-03 1.056805875144461e-04 -6.839866760951010e-06 -5.762379250153855e-06 2.159020765580201e-07
Mercury 3.302e+23 9.619218220025783E-02 2.956243557045440E-01 1.434050598832371E-02 -3.214914101523116E-02 1.049175189259498E-02 3.806508243930324E-03
Venus 48.685e+23 5.426867638051053E-02 -7.187019391359429E-01 -1.335758302466347E-02 2.001249498528250E-02 1.620568213244793E-03 -1.132686967391420E-03
Earth 5.97219e+24 -6.129984399319283E-01 7.819386824594764E-01 7.493658319418148E-05 -1.383985232377884E-02 -1.065711989192960E-02 2.758038301409356E-07
Mars 6.4171e+23 2.683609140000941E-01 1.525221641491994E+00 2.520070609158768E-02 -1.324685900844643E-02 3.675989237317445E-03 4.021672813440956E-04
Jupiter 1.89813e27 3.193302209263970E+00 -3.947654199911214E+00 -5.506591837548719E-02 5.774401037945930E-03 5.103082997216647E-03 -1.503266951878522E-04
Saturn 5.6834e+26 5.600547443530654E+00 -8.252805513235598E+00 -7.947226395234359E-02 4.305609256867865E-03 3.118647903017516E-03 -2.254831975791300E-04
Uranus 86.813e+24 1.527542080143844E+01 1.254489789908649E+01 -1.513027267903756E-01 -2.524959277807294E-03 2.856201890548041E-03 4.325760720318621E-05
Neptune 102.413e+24 2.946800048741827E+01 -5.141842854876331E+00 -5.732337844080948E-01 5.189561768831664E-04 3.110759322756609E-03 -7.642851920259561E-05
Pluto 1.307e+22 1.413318599483764E+01 -3.113556386344531E+01 -7.564634933542933E-01 2.934128510200804E-03 6.180345724222893E-04 -9.275545440827586E-04
Comet 2.2e+14 -2.021495859780519E+01 2.680848388696011E+01 -9.980429548934636E+00 2.723160270656612E-04 5.082548249061982E-04 -9.621192266479694E-06